Dimension=5
b=0.282315
two_sigma_squared=2
C=1024
n_support_vectors=23
support vector rate=0.164286
alph[0]=0
alph[1]=0
alph[2]=-40.5532
alph[3]=0
alph[4]=0
alph[5]=0
alph[6]=0
alph[7]=26.5129
alph[8]=0
alph[9]=56.05
alph[10]=479.397
alph[11]=0
alph[12]=0
alph[13]=0
alph[14]=0
alph[15]=-1024
alph[16]=-118.296
alph[17]=0
alph[18]=0
alph[19]=0
alph[20]=543.287
alph[21]=1024
alph[22]=-1024
alph[23]=-1024
alph[24]=964.796
alph[25]=1024
alph[26]=1024
alph[27]=-1024
alph[28]=-1024
alph[29]=0
alph[30]=-671.651
alph[31]=1024
alph[32]=-59.1838
alph[33]=-133.727
alph[34]=-24.1463
alph[35]=0
alph[36]=1.18362
alph[37]=2.15128
alph[38]=2.33723
alph[39]=0
alph[40]=49.6098
alph[41]=37.0311
alph[42]=0
alph[43]=0
alph[44]=0
alph[45]=0
alph[46]=0
alph[47]=-488.826
alph[48]=0
alph[49]=-582.796
alph[50]=1024
alph[51]=0
alph[52]=0
alph[53]=0
alph[54]=1024
alph[55]=-1024
alph[56]=0
alph[57]=177.201
alph[58]=1024
alph[59]=-667.164
alph[60]=0
alph[61]=-1024
alph[62]=-1024
alph[63]=1024
alph[64]=1024
alph[65]=964.933
alph[66]=-525.343
alph[67]=-1024
alph[68]=0
alph[69]=5.90463
alph[70]=1.58499
alph[71]=1020.1
alph[72]=57.6987
alph[73]=0
alph[74]=-1024
alph[75]=-988.533
alph[76]=-1024
alph[77]=0
alph[78]=0
alph[79]=798.107
alph[80]=1024
alph[81]=1024
alph[82]=1024
alph[83]=1024
alph[84]=680.811
alph[85]=-1024
alph[86]=-1024
alph[87]=-337.531
alph[88]=-1024
alph[89]=-1024
alph[90]=-1024
alph[91]=0
alph[92]=1023.25
alph[93]=1024
alph[94]=1024
alph[95]=-1024
alph[96]=-1024
alph[97]=1024
alph[98]=1024
alph[99]=-643.521
alph[100]=-767.248
alph[101]=641.231
alph[102]=-925.039
alph[103]=478.412
alph[104]=-15.2246
alph[105]=0
alph[106]=-122.209
alph[107]=1009.98
alph[108]=1024
alph[109]=-1024
alph[110]=-415.408
alph[111]=0
alph[112]=0
alph[113]=-868.279
alph[114]=-1024
alph[115]=0
alph[116]=0
alph[117]=1024
alph[118]=0
alph[119]=1024
alph[120]=522.182
alph[121]=0
alph[122]=-845.922
alph[123]=172.754
alph[124]=0
alph[125]=-1024
alph[126]=1024
alph[127]=0
alph[128]=-969.205
alph[129]=0
alph[130]=-281.037
alph[131]=1024
alph[132]=-1024
alph[133]=405.77
alph[134]=100.856
alph[135]=1024
alph[136]=0
alph[137]=-820.524
alph[138]=43.8761
alph[139]=20.3573

