Dimension=5
b=0.000542177
two_sigma_squared=2
C=1024
n_support_vectors=14
rate=0.17284
alph[0]=-5.88335
alph[1]=0
alph[2]=0
alph[3]=0
alph[4]=0
alph[5]=0
alph[6]=0
alph[7]=0
alph[8]=0
alph[9]=0
alph[10]=0
alph[11]=0
alph[12]=0
alph[13]=0
alph[14]=0
alph[15]=0
alph[16]=0
alph[17]=0
alph[18]=0
alph[19]=458.535
alph[20]=0
alph[21]=0
alph[22]=-1024
alph[23]=0
alph[24]=0
alph[25]=0
alph[26]=1024
alph[27]=-0.0109074
alph[28]=-151.196
alph[29]=0
alph[30]=-978.85
alph[31]=1024
alph[32]=-237.881
alph[33]=-114.577
alph[34]=1.53526
alph[35]=0
alph[36]=17.4209
alph[37]=0
alph[38]=0
alph[39]=0
alph[40]=0
alph[41]=0
alph[42]=0
alph[43]=0
alph[44]=-82.727
alph[45]=0
alph[46]=0
alph[47]=0
alph[48]=0
alph[49]=0
alph[50]=0
alph[51]=0
alph[52]=0
alph[53]=0
alph[54]=357.516
alph[55]=0
alph[56]=0
alph[57]=0
alph[58]=0
alph[59]=0
alph[60]=0
alph[61]=-463.703
alph[62]=-943.134
alph[63]=1024
alph[64]=1024
alph[65]=0
alph[66]=0
alph[67]=-1024
alph[68]=88.0027
alph[69]=0.681688
alph[70]=-3.17245
alph[71]=0
alph[72]=0
alph[73]=0
alph[74]=0
alph[75]=0
alph[76]=0
alph[77]=0
alph[78]=0
alph[79]=0
alph[80]=0
alph[81]=0
alph[82]=70.0871
alph[83]=0
alph[84]=0
alph[85]=0
alph[86]=0
alph[87]=0
alph[88]=0
alph[89]=0
alph[90]=0
alph[91]=0
alph[92]=0
alph[93]=440.08
alph[94]=0
alph[95]=-1024
alph[96]=0
alph[97]=0
alph[98]=1024
alph[99]=-190.101
alph[100]=-252.601
alph[101]=0
alph[102]=-69.4973
alph[103]=0
alph[104]=0.030938
alph[105]=0.0246926
alph[106]=0
alph[107]=1.0882
alph[108]=0
alph[109]=0
alph[110]=0
alph[111]=0
alph[112]=0
alph[113]=0
alph[114]=0
alph[115]=0
alph[116]=0
alph[117]=0
alph[118]=-1.43554
alph[119]=0

