Dimension=5
b=0.000545605
two_sigma_squared=2
C=1024
n_support_vectors=14
support vector rate=0.1
alph[0]=0
alph[1]=0
alph[2]=0
alph[3]=0
alph[4]=21.8952
alph[5]=0
alph[6]=0
alph[7]=0
alph[8]=0
alph[9]=29.4296
alph[10]=0
alph[11]=0
alph[12]=0
alph[13]=0
alph[14]=0
alph[15]=-209.166
alph[16]=0
alph[17]=0
alph[18]=0
alph[19]=0
alph[20]=0
alph[21]=218.402
alph[22]=0
alph[23]=0
alph[24]=0
alph[25]=0
alph[26]=1024
alph[27]=-362.916
alph[28]=-1024
alph[29]=0
alph[30]=-288.636
alph[31]=1024
alph[32]=-241.428
alph[33]=-191.789
alph[34]=0
alph[35]=0
alph[36]=20.8357
alph[37]=0
alph[38]=0
alph[39]=0
alph[40]=0
alph[41]=0
alph[42]=0
alph[43]=0
alph[44]=-88.2041
alph[45]=0
alph[46]=0
alph[47]=0
alph[48]=0
alph[49]=0
alph[50]=0
alph[51]=0
alph[52]=0
alph[53]=0
alph[54]=366.313
alph[55]=0
alph[56]=0
alph[57]=0
alph[58]=0
alph[59]=0
alph[60]=0
alph[61]=-462.588
alph[62]=-950.786
alph[63]=1024
alph[64]=1024
alph[65]=0
alph[66]=0
alph[67]=-1024
alph[68]=90.3186
alph[69]=1.7759
alph[70]=-2.07062
alph[71]=0
alph[72]=0
alph[73]=0
alph[74]=0
alph[75]=0
alph[76]=0
alph[77]=0
alph[78]=0
alph[79]=0
alph[80]=0
alph[81]=0
alph[82]=76.9878
alph[83]=0
alph[84]=0
alph[85]=0
alph[86]=0
alph[87]=0
alph[88]=0
alph[89]=0
alph[90]=0
alph[91]=0
alph[92]=0
alph[93]=419.659
alph[94]=0
alph[95]=-1024
alph[96]=0
alph[97]=0
alph[98]=1024
alph[99]=-222.036
alph[100]=-183.66
alph[101]=0
alph[102]=-93.1589
alph[103]=0
alph[104]=2.10868
alph[105]=1.29557
alph[106]=0
alph[107]=0
alph[108]=0.648043
alph[109]=0
alph[110]=0
alph[111]=0
alph[112]=0
alph[113]=0
alph[114]=0
alph[115]=0
alph[116]=0
alph[117]=0
alph[118]=0
alph[119]=0
alph[120]=0
alph[121]=0
alph[122]=0
alph[123]=0
alph[124]=0
alph[125]=0
alph[126]=0.810244
alph[127]=0
alph[128]=0
alph[129]=0
alph[130]=0
alph[131]=0
alph[132]=-0.912533
alph[133]=0
alph[134]=0
alph[135]=0
alph[136]=0
alph[137]=0
alph[138]=0
alph[139]=-1.12719

